1920
6729 6729 6729 6729 6729
176 176 176 176 176 176 176 176 176 176 176 176 176 176 176 176 176 176 176 176 176 176 176 176 176 176 176 176 176 176 176 176 176 176 176 176 176 176 176 176 176 176
0 0 0 0 0 0 0 0 0 0 0 0 0 0 0 0 0 0 0 0 0 0 0 0 0 0 0 0 0 0 0 0 0 0 0 0 0 0 0 0 0 0 0 0 0 0 0 0 0
138 138 138 138 138 138 138 138 138 138 138 138 138 138 138 138 138 138 138 138 138 138 138 138 138 138 138 138 138 138 138 138 138 138 138 138 138 138 138 138 138 138 138 138 138 138 138 138 138 138 138 138
8 8 8 8 8 8 8 8 8 8 8 8 8 8 8 8 8 8 8 8 8 8 8 8 8 8 8 8 8 8 8 8 8 8 8 8 8 8 8 8 8 8 8 8 8 8 8 8 8 8 8 8
9 9 9 9 9 9 9 9 9 9 9 9 9 9 9 9 9 9 9 9 9 9 9 9 9 9 9 9 9 9 9 9 9 9 9 9 9 9 9 9 9 9 9 9 9 9 9 9 9 9
2955 2955 2955 2955 2955 2955 2955 2955
126 126 126 126 126 126 126 126 126 126 126 126 126 126 126 126 126 126 126 126 126 126 126 126 126 126 126 126 126 126 126 126 126 126 126 126 126 126 126 126 126
2 2 2 2 2 2 2 2 2 2 2 2 2 2 2 2 2 2 2 2 2 2 2 2 2 2 2 2 2 2 2 2 2 2 2 2 2 2 2 2 2 2 2
69 69 69 69 69 69 69 69 69 69 69 69 69 69 69 69 69 69 69 69 69 69 69 69 69 69 69 69 69 69 69 69 69 69 69 69 69 69 69 69 69 69 69 69 69 69 69 69
27 27 27 27 27 27 27 27 27 27 27 27 27 27 27 27 27 27 27 27 27 27 27 27 27 27 27 27 27 27 27 27 27 27 27 27 27 27 27 27 27 27 27 27 27
1 1 1 1 1 1 1 1 1 1 1 1 1 1 1 1 1 1 1 1 1 1 1 1 1 1 1 1 1 1 1 1 1 1 1 1 1 1 1 1 1 1 1 1 1 1
2700 2700 2700 2700 2700 2700 2700 2700 2700 2700
28 28 28 28 28 28 28 28 28 28 28 28 28 28 28 28 28 28 28 28 28 28 28 28 28 28 28 28 28 28 28 28 28 28 28 28 28 28 28 28 28 28 28 28 28 28 28
5 5 5 5 5 5 5 5 5 5 5 5 5 5 5 5 5 5 5 5 5 5 5 5 5 5 5 5 5 5 5 5 5 5 5 5 5 5 5 5 5 5 5 5 5 5 5 5 5
14 14 14 14 14 14 14 14 14 14 14 14 14 14 14 14 14 14 14 14 14 14 14 14 14 14 14 14 14 14 14 14 14 14 14 14 14 14 14 14 14 14 14 14 14 14 14
62 62 62 62 62 62 62 62 62 62 62 62 62 62 62 62 62 62 62 62 62 62 62 62 62 62 62 62 62 62 62 62 62 62
3 3 3 3 3 3 3 3 3 3 3 3 3 3 3 3 3 3 3 3 3 3 3 3 3 3 3 3 3 3 3 3 3 3 3 3 3 3 3 3 3 3 3
15 15 15 15 15 15 15 15 15 15 15 15 15 15 15 15 15 15 15 15 15 15 15 15 15 15 15 15 15 15 15 15 15 15 15 15 15 15 15 15 15 15 15 15 15 15 15 15 15 15 15
19 19 19 19 19 19 19 19 19 19 19 19 19 19 19 19 19 19 19 19 19 19 19 19 19 19 19 19 19 19 19 19 19 19 19 19 19 19 19 19 19 19 19 19
8034 8034 8034 8034 8034
6 6 6 6 6 6 6 6 6 6 6 6 6 6 6 6 6 6 6 6 6 6 6 6 6 6 6 6 6 6 6 6 6 6 6 6 6 6 6 6 6 6 6 6 6
725 725 725 725 725 725 725 725 725 725 725 725 725 725 725 725 725 725 725 725 725 725 725
7 7 7 7 7 7 7 7 7 7 7 7 7 7 7 7 7 7 7 7 7 7 7 7 7 7 7 7 7 7 7 7 7 7 7 7 7 7 7 7 7 7 7 7 7 7 7 7 7 7
236 236 236 236 236 236 236 236 236 236 236 236 236 236 236 236 236 236 236 236 236 236 236 236 236 236
5621 5621 5621 5621 5621
4 4 4 4 4 4 4 4 4 4 4 4 4 4 4 4 4 4 4 4 4 4 4 4 4 4 4 4 4 4 4 4 4 4 4 4 4 4 4 4 4 4 4 4 4 4 4 4 4 4
731 731 731 731 731 731 731 731 731 731 731 731
7518 7518 7518 7518 7518
468 468 468 468 468 468 468 468 468 468 468 468 468 468 468 468 468 468 468 468 468 468 468 468 468 468 468 468 468
554 554 554 554 554 554 554 554 554 554 554 554 554 554 554 554 554 554 554 554 554 554 554
37 37 37 37 37 37 37 37 37 37 37 37 37 37 37 37 37 37 37 37 37 37 37 37 37 37 37 37 37 37 37 37 37 37 37 37 37 37
121 121 121 121 121 121 121 121 121 121 121 121 121 121 121 121 121 121 121 121 121 121 121 121 121 121 121 121 121 121 121 121 121 121 121 121 121 121
13 13 13 13 13 13 13 13 13 13 13 13 13 13 13 13 13 13 13 13 13 13 13 13 13 13 13 13 13 13 13 13 13 13 13 13 13 13 13 13
1790 1790 1790 1790 1790
21 21 21 21 21 21 21 21 21 21 21 21 21 21 21 21 21 21 21 21 21 21 21 21 21 21 21 21 21 21 21 21 21 21 21 21
16 16 16 16 16 16 16 16 16 16 16 16 16 16 16 16 16 16 16 16 16 16 16 16 16 16 16 16 16 16 16 16 16 16 16 16 16 16 16 16 16 16 16
671 671 671 671 671 671 671 671 671 671 671 671 671 671 671 671 671 671 671 671 671
2120 2120 2120 2120 2120 2120 2120 2120 2120 2120 2120 2120 2120 2120
2238 2238 2238 2238 2238 2238
11 11 11 11 11 11 11 11 11 11 11 11 11 11 11 11 11 11 11 11 11 11 11 11 11 11 11 11 11 11 11 11 11 11 11 11 11 11 11 11 11 11 11 11 11 11 11 11
653 653 653 653 653 653 653 653 653 653
23 23 23 23 23 23 23 23 23 23 23 23 23 23 23 23 23 23 23 23 23 23 23 23 23 23 23 23 23 23 23 23 23 23 23 23 23 23 23 23 23 23
7594 7594 7594 7594 7594
1077 1077 1077 1077 1077 1077 1077 1077 1077 1077 1077 1077 1077 1077 1077
686 686 686 686 686 686 686 686 686 686 686 686 686 686
30 30 30 30 30 30 30 30 30 30 30 30 30 30 30 30 30 30 30 30 30 30 30 30 30 30 30 30 30 30 30 30 30 30 30 30 30
1395 1395 1395 1395 1395 1395 1395 1395 1395 1395 1395 1395 1395
948 948 948 948 948 948 948 948 948 948 948 948 948 948 948 948 948 948 948 948 948 948 948 948
7211 7211 7211
45 45 45 45 45 45 45 45 45 45 45 45 45 45 45 45 45 45 45
957 957 957 957 957 957
63 63 63 63 63 63 63 63 63 63 63 63 63 63 63 63 63 63 63 63 63 63 63 63 63 63 63 63 63 63 63 63 63 63 63 63 63 63 63 63 63 63 63 63 63 63 63
70 70 70 70 70 70 70 70 70 70 70 70 70
199 199 199 199 199 199 199 199 199 199 199 199 199 199 199 199 199 199 199 199 199 199 199 199 199 199 199 199 199 199 199 199 199 199 199 199
24 24 24 24 24 24 24 24 24 24 24 24 24 24 24 24 24 24 24 24 24
164 164 164 164 164 164 164 164 164 164 164 164 164 164 164 164 164 164 164 164 164 164 164 164 164 164 164 164 164 164
4881 4881 4881 4881 4881 4881 4881
243 243 243 243 243 243 243 243 243 243 243 243 243 243 243 243 243 243 243 243 243 243 243 243 243 243 243
595 595 595 595 595 595 595 595 595
355 355 355 355 355 355 355 355 355 355 355 355 355 355 355 355 355 355 355 355 355 355 355 355 355 355 355 355 355
316 316 316 316 316 316 316 316 316 316 316 316 316 316 316 316 316 316 316 316 316 316
158 158 158 158 158 158 158 158 158 158 158 158 158 158 158 158 158 158 158 158 158 158 158 158
290 290 290 290 290 290 290 290 290 290 290 290 290 290 290 290 290 290 290 290
12 12 12 12 12 12 12 12 12 12 12 12 12 12 12 12 12 12 12 12 12 12 12 12 12 12 12 12 12 12 12 12 12 12 12
22 22 22 22 22 22 22 22 22 22 22 22 22 22 22 22 22 22 22 22 22 22 22 22 22 22 22 22 22 22 22 22 22 22 22
20 20 20 20 20 20 20 20 20 20 20 20 20 20 20 20 20 20 20 20 20 20 20 20 20 20 20 20 20 20 20 20 20 20 20 20 20 20 20
73 73 73 73 73 73 73 73 73
962 962 962 962
404 404 404 404 404 404 404 404 404 404 404 404 404 404 404 404 404 404 404 404 404 404 404 404 404 404 404 404 404 404 404 404 404 404
542 542 542 542 542 542
54 54 54 54 54 54 54 54 54 54 54 54 54 54
79 79 79 79 79 79 79 79 79 79
9993 9993
211 211 211 211 211 211 211 211 211 211 211 211 211 211 211 211
442 442 442 442 442 442 442 442 442 442 442 442 442 442 442 442 442 442 442
53 53 53
38 38 38 38 38 38 38 38 38 38 38 38 38 38 38 38 38 38 38 38 38 38 38 38 38 38 38
17 17 17 17 17 17 17 17 17 17 17 17 17 17 17 17 17 17 17 17 17 17 17 17 17 17 17 17 17 17 17 17 17 17 17 17 17 17 17 17 17 17
25 25 25 25 25 25 25 25 25 25 25 25 25 25
1502 1502 1502 1502 1502 1502 1502 1502 1502 1502 1502
7055 7055 7055 7055 7055 7055 7055
2818 2818 2818 2818 2818 2818 2818 2818 2818
155 155 155 155 155 155 155 155 155 155 155 155 155 155 155 155 155 155 155 155 155 155 155 155 155 155 155 155 155 155 155 155 155 155 155 155 155 155
859 859 859 859 859 859 859 859 859 859 859 859 859 859 859 859 859 859 859 859
583 583 583 583 583 583 583 583 583 583 583 583 583 583 583 583 583 583 583 583 583 583 583 583 583 583 583 583 583 583 583 583 583
1310 1310 1310 1310 1310 1310 1310 1310 1310 1310 1310 1310 1310 1310
1954 1954 1954 1954 1954 1954 1954 1954 1954 1954 1954 1954 1954 1954
867 867 867 867 867 867 867 867 867 867 867 867 867 867 867
120 120 120 120 120 120 120 120 120 120 120 120 120 120 120 120 120 120 120 120 120 120 120 120 120 120 120 120 120 120 120 120 120 120 120 120 120
1482 1482 1482 1482 1482 1482 1482 1482 1482 1482 1482 1482 1482 1482
7548 7548 7548 7548 7548 7548
252 252 252 252 252 252 252 252 252 252 252 252 252 252 252 252 252 252 252 252 252 252 252 252 252 252 252 252 252 252 252 252 252 252 252
1714 1714 1714 1714 1714 1714 1714 1714 1714 1714
3470 3470 3470 3470 3470
5661 5661 5661 5661 5661 5661 5661 5661
6082 6082 6082 6082 6082 6082 6082
624 624 624 624 624 624 624 624 624 624 624
6698 6698 6698 6698 6698 6698 6698 6698 6698
193 193 193 193 193 193 193 193 193 193 193 193 193 193 193 193 193 193 193 193 193 193 193 193 193 193 193 193
2177 2177 2177 2177 2177 2177 2177 2177 2177
1981 1981 1981 1981 1981 1981 1981
303 303 303 303 303 303 303 303 303 303 303 303 303 303 303 303 303 303 303 303 303 303
57 57 57 57 57 57 57 57 57 57 57 57 57 57 57 57 57 57 57 57 57 57 57 57 57 57 57 57 57 57 57
309 309 309 309 309 309 309 309 309 309 309 309 309 309 309 309 309 309 309 309 309 309 309 309 309 309 309 309 309 309 309
114 114 114 114 114 114 114 114 114 114 114 114 114 114 114 114 114 114 114 114 114 114 114 114 114 114 114 114 114 114 114 114
6459 6459 6459 6459 6459 6459
1643 1643 1643 1643 1643 1643 1643 1643 1643 1643
1597 1597 1597 1597 1597 1597 1597 1597 1597 1597 1597 1597 1597 1597 1597
7895 7895 7895 7895 7895 7895
58 58 58 58 58 58 58 58 58 58 58 58 58 58 58 58 58 58 58 58 58 58 58 58 58 58 58 58 58 58
184 184 184 184 184 184 184 184 184 184 184 184 184 184 184 184 184 184 184 184 184 184 184 184 184 184 184 184 184 184 184 184 184 184 184 184 184 184
44 44 44 44 44 44 44 44 44 44 44 44 44 44 44 44 44 44
8992 8992 8992 8992 8992 8992 8992
914 914 914 914 914 914 914 914 914 914 914 914 914 914
102 102 102 102 102 102 102 102 102 102 102 102 102 102 102 102 102 102 102 102 102 102 102 102 102 102 102 102 102 102 102 102 102
1122 1122 1122 1122 1122 1122 1122 1122 1122 1122 1122 1122 1122 1122 1122 1122
329 329 329 329 329 329 329 329 329 329 329 329 329 329 329 329 329 329 329 329 329 329 329 329 329 329 329 329 329
665 665 665 665 665 665 665 665 665 665 665 665 665 665
2513 2513 2513 2513 2513 2513 2513 2513 2513 2513
10 10 10 10 10 10 10 10 10 10 10 10 10 10 10 10 10 10 10 10 10 10 10 10 10 10 10 10 10 10 10 10 10 10 10 10
5895 5895 5895 5895 5895 5895
285 285 285 285 285 285 285 285 285 285 285 285 285 285 285
9832 9832 9832 9832 9832 9832
424 424 424 424 424 424 424 424 424
229 229 229 229 229 229 229 229 229 229 229 229 229 229 229 229 229 229 229 229 229 229 229 229
2112 2112 2112 2112 2112 2112 2112 2112 2112 2112 2112 2112 2112
29 29 29 29 29 29 29 29 29 29
280 280 280 280 280 280 280 280 280 280 280 280 280 280 280 280 280 280
720 720 720 720 720 720 720 720 720 720 720 720 720 720 720 720 720
41 41 41 41 41 41 41 41 41 41 41 41 41 41 41
135 135 135 135 135 135 135 135 135 135 135 135 135 135 135 135 135 135 135 135 135 135 135 135
850 850 850 850 850 850 850 850 850 850 850 850 850 850 850 850 850
107 107 107 107 107 107 107 107 107 107 107 107 107 107 107 107 107 107 107 107 107 107 107 107 107 107 107 107 107 107 107 107
330 330 330 330 330 330 330 330 330 330 330
2523 2523 2523 2523 2523
907 907 907 907 907 907 907 907 907 907 907 907 907 907 907 907
96 96 96 96 96 96 96 96
961 961 961 961 961 961 961 961
35 35 35 35 35 35 35 35 35 35 35 35 35 35 35 35 35 35 35 35 35 35 35 35 35 35 35 35 35 35 35 35 35
1958 1958 1958 1958 1958 1958 1958 1958 1958 1958 1958 1958 1958 1958
5921 5921 5921 5921 5921 5921 5921 5921
2848 2848 2848 2848 2848 2848 2848 2848 2848 2848 2848 2848
5554 5554 5554 5554
5985 5985 5985 5985
1089 1089 1089 1089 1089 1089
797 797 797 797 797 797 797 797 797 797 797 797 797 797 797 797 797 797 797 797
9559 9559 9559 9559 9559 9559
1384 1384 1384 1384 1384 1384 1384 1384 1384 1384 1384 1384 1384 1384 1384 1384 1384 1384 1384 1384
6379 6379 6379 6379 6379 6379 6379 6379 6379
1131 1131 1131 1131 1131 1131 1131 1131
3199 3199 3199 3199 3199
148 148 148 148 148 148 148 148 148 148 148 148 148 148 148 148 148 148 148 148 148 148 148 148 148 148 148 148 148 148 148 148 148
737 737 737 737 737 737 737 737 737 737 737 737 737
152 152 152 152 152 152 152 152 152 152 152 152 152 152 152 152 152 152 152 152 152 152 152 152 152 152 152 152
2612 2612 2612 2612 2612 2612
1513 1513 1513
4413 4413 4413
940 940 940 940 940 940 940 940 940 940
5011 5011 5011 5011 5011 5011
625 625 625 625 625 625 625 625 625 625 625 625 625 625
2573 2573 2573
1756 1756 1756 1756 1756 1756 1756 1756 1756 1756 1756
4594 4594 4594 4594 4594 4594
5616 5616 5616 5616 5616 5616
6979 6979 6979 6979 6979 6979 6979 6979 6979
268 268 268 268 268 268 268 268 268 268 268 268 268 268 268 268
3455 3455 3455
4609 4609 4609 4609 4609 4609 4609
3398 3398 3398 3398 3398 3398 3398
3884 3884 3884 3884
5442 5442 5442 5442 5442
1876 1876 1876 1876 1876 1876 1876
5721 5721 5721 5721 5721 5721
84 84 84 84 84 84 84 84 84 84 84 84 84 84 84 84 84 84 84 84 84 84
2433 2433 2433 2433 2433 2433 2433 2433 2433 2433 2433
747 747 747 747
1128 1128 1128
2316 2316 2316 2316 2316 2316
132 132 132 132 132 132 132
83 83 83 83 83 83
6848 6848 6848
2526 2526 2526 2526 2526
2169 2169 2169 2169 2169
110 110 110 110 110 110 110 110 110 110 110 110 110
878 878 878 878
4373 4373 4373
1807 1807 1807
1723 1723 1723
4021 4021 4021
1161 1161 1161
77 77 77
1321 1321 1321 1321
4837 4837 4837
325 325 325 325 325 325 325 325 325 325
1324 1324 1324 1324 1324 1324 1324 1324 1324 1324 1324 1324 1324
9271 9271 9271
168 168 168 168 168 168 168
451 451 451 451 451 451 451 451 451 451 451 451
749 749 749 749 749 749 749 749
3046 3046 3046 3046 3046 3046 3046
5269 5269 5269
3759 3759 3759 3759 3759 3759 3759 3759
929 929 929 929 929 929
1524 1524 1524 1524 1524 1524 1524 1524 1524
1988 1988 1988
156 156 156 156 156 156
2025 2025 2025
1912 1912
198 198 198 198 198 198 198 198 198 198 198
395 395 395 395 395 395 395 395 395
4188 4188 4188 4188 4188
346 346 346 346 346 346 346 346
813 813 813
6087 6087 6087 6087
3235 3235 3235
103 103 103 103 103 103 103 103 103 103 103 103 103 103 103
3410 3410 3410 3410 3410 3410 3410
1548 1548 1548 1548
1304 1304 1304
4742 4742 4742
9128 9128 9128
321 321 321 321
716 716 716
390 390 390 390
8965 8965 8965 8965
4390 4390 4390 4390 4390 4390 4390
2170 2170 2170 2170
1554 1554 1554 1554 1554 1554 1554
6718 6718 6718
1312 1312 1312
166 166 166 166 166 166 166 166 166 166 166 166 166 166 166 166 166 166 166 166 166 166 166 166 166 166 166 166
187 187 187 187 187 187 187 187 187 187 187 187 187
4421 4421 4421 4421 4421
7401 7401
552 552 552 552 552 552 552
5349 5349
2562 2562
6234 6234
1388 1388 1388 1388 1388 1388 1388 1388
4962 4962 4962 4962
6304 6304
1106 1106 1106 1106 1106 1106 1106 1106 1106 1106 1106
510 510 510 510 510 510 510
232 232
715 715 715 715 715 715 715
5605 5605
636 636 636
3024 3024
88 88 88 88 88 88 88 88 88 88 88
1757 1757 1757
7876 7876
5641 5641
3569 3569
249 249 249 249 249 249 249 249 249 249 249 249 249 249 249 249
1137 1137
1344 1344 1344
516 516 516 516 516
2652 2652
615 615 615
2730 2730
574 574 574 574 574
3319 3319 3319 3319 3319 3319
1927 1927
1398 1398
403 403
970 970
2397 2397
238 238 238 238 238 238
1393 1393
4606 4606
3224 3224
951 951
2052 2052 2052 2052
1292 1292 1292 1292 1292
219 219
938 938
1001 1001 1001
297 297
2432 2432
2065 2065
5225 5225
9030 9030 9030
3180 3180
6135 6135 6135
656 656
2017 2017 2017
3456 3456
3714 3714
968 968 968 968 968 968 968 968 968 968 968 968 968 968 968 968 968 968 968 968 968 968 968 968 968 968 968 968 968 968 968
708 708 708 708 708 708 708 708 708 708 708 708 708 708 708 708 708 708 708 708 708 708 708
3097 3097 3097 3097 3097 3097 3097 3097 3097 3097 3097 3097 3097 3097 3097 3097
679 679 679 679 679 679 679 679 679 679 679 679 679 679 679 679
371 371 371 371 371 371 371 371 371 371 371 371 371 371 371 371 371 371 371
139 139 139 139 139 139 139 139 139 139 139 139 139 139 139 139 139 139 139 139 139 139 139 139 139 139 139 139 139 139 139 139
65 65 65 65 65 65 65 65 65 65 65 65 65 65 65 65 65 65 65 65 65 65 65 65 65 65 65 65 65 65 65 65 65 65 65 65 65 65
410 410 410 410 410 410 410 410 410 410 410 410 410 410 410 410 410 410 410 410 410 410
909 909 909 909 909 909 909 909 909 909 909 909 909 909
3071 3071 3071 3071 3071 3071
332 332 332 332 332 332 332 332 332 332 332 332 332 332 332 332 332 332 332
224 224 224 224 224 224 224 224 224 224 224 224 224 224 224 224 224 224 224 224 224 224 224 224 224 224 224 224 224
9086 9086 9086 9086 9086 9086
18 18 18 18 18 18 18 18 18 18 18 18 18 18 18 18 18 18 18 18 18 18 18 18 18 18 18 18 18 18 18 18 18 18 18
681 681 681 681 681 681 681 681 681 681 681 681 681 681 681
123 123 123 123 123 123 123 123 123
372 372 372 372 372 372 372 372 372 372 372 372 372 372 372 372 372
524 524 524 524 524 524 524 524 524 524 524 524 524
74 74 74 74 74 74 74 74 74 74 74 74 74 74 74 74 74 74 74 74 74 74 74 74 74
253 253 253 253 253 253 253 253 253 253 253 253 253 253 253 253 253 253 253 253 253 253 253 253 253 253 253 253 253 253 253 253 253 253 253 253 253 253
78 78 78 78 78 78 78 78 78 78 78 78 78 78 78 78 78 78 78 78 78 78
2973 2973
1667 1667 1667 1667 1667 1667 1667 1667 1667 1667 1667
52 52 52 52 52 52
4985 4985 4985 4985 4985 4985
82 82 82 82 82 82 82 82 82 82 82 82 82 82 82 82 82 82 82 82 82 82 82
72 72 72 72 72 72 72 72 72 72 72 72 72 72 72 72 72 72 72 72 72 72 72 72 72 72 72 72 72 72 72 72 72
106 106 106
4281 4281 4281 4281 4281 4281 4281
1495 1495 1495 1495 1495 1495 1495 1495 1495 1495 1495 1495 1495 1495 1495
2264 2264 2264 2264 2264 2264 2264 2264 2264 2264 2264
7242 7242 7242
3483 3483 3483 3483 3483 3483 3483
1200 1200 1200 1200 1200 1200 1200
9054 9054 9054 9054 9054
5482 5482 5482 5482 5482 5482
2685 2685 2685 2685 2685 2685
1434 1434 1434 1434 1434 1434 1434 1434 1434 1434 1434 1434 1434 1434 1434 1434 1434
3139 3139 3139
485 485 485 485 485 485 485 485 485 485 485 485 485 485 485 485 485 485 485 485 485 485 485 485 485
301 301 301 301 301 301 301 301 301 301 301 301 301
48 48 48
140 140 140 140 140 140 140 140 140 140
1134 1134 1134 1134 1134 1134
1610 1610 1610 1610 1610 1610 1610 1610 1610 1610
36 36 36 36 36 36 36 36 36 36 36 36
1184 1184 1184 1184 1184 1184 1184 1184 1184 1184 1184
3106 3106 3106 3106 3106 3106
5990 5990 5990 5990 5990 5990 5990
3514 3514 3514 3514 3514 3514 3514 3514 3514
5182 5182 5182 5182 5182
6930 6930 6930 6930 6930
2208 2208 2208 2208 2208
4291 4291 4291 4291 4291
995 995 995 995 995 995 995
1171 1171 1171 1171 1171 1171 1171 1171
4063 4063 4063 4063
1799 1799 1799 1799 1799 1799 1799 1799 1799 1799
3142 3142 3142 3142 3142 3142 3142 3142
3621 3621 3621 3621
3448 3448 3448 3448
5910 5910 5910 5910
484 484 484 484 484 484 484 484 484 484 484 484 484 484 484
1437 1437 1437 1437 1437 1437 1437
517 517 517 517 517 517
9768 9768 9768
8933 8933 8933
339 339 339 339 339 339 339 339 339 339
9732 9732 9732
1119 1119 1119
992 992 992 992 992 992 992
800 800 800 800 800 800 800 800
778 778 778 778 778 778
146 146 146 146 146 146 146 146 146 146 146 146 146
1762 1762 1762 1762 1762
1307 1307 1307 1307
1689 1689 1689
2391 2391 2391
545 545 545 545
9081 9081 9081
659 659 659 659 659 659 659 659 659 659 659 659
1521 1521 1521 1521 1521 1521 1521
536 536 536 536 536
1612 1612 1612 1612
871 871 871 871
746 746 746
981 981 981
1896 1896 1896
5497 5497 5497
480 480 480 480 480
61 61 61 61 61 61 61 61 61 61 61 61 61 61 61 61 61 61
599 599 599
2403 2403 2403
1587 1587 1587 1587 1587 1587
764 764 764 764
880 880 880 880 880 880 880 880 880 880
7354 7354
985 985 985
440 440 440
5108 5108 5108
1985 1985 1985 1985 1985
3203 3203
1048 1048 1048 1048
972 972 972 972 972
1873 1873 1873
8066 8066 8066
775 775 775
344 344 344
80 80 80 80 80
85 85 85
2785 2785 2785 2785 2785 2785
3244 3244 3244 3244 3244 3244 3244 3244 3244 3244 3244 3244 3244
7624 7624 7624 7624 7624 7624
900 900 900 900 900 900 900 900 900 900 900 900 900 900 900 900 900
2780 2780 2780 2780 2780 2780 2780
2076 2076 2076 2076 2076 2076 2076 2076 2076 2076 2076 2076 2076 2076 2076
197 197 197 197 197 197 197 197 197 197 197 197 197 197 197 197 197 197 197 197 197 197 197 197
9502 9502 9502 9502 9502
1173 1173 1173 1173 1173 1173 1173
4022 4022 4022
4178 4178 4178 4178 4178
4273 4273 4273
2229 2229
1376 1376 1376
632 632 632 632 632 632 632
1826 1826 1826 1826
3443 3443 3443
650 650 650 650 650 650 650 650 650
6668 6668 6668 6668 6668 6668
1225 1225 1225 1225
2825 2825 2825 2825 2825
1183 1183 1183 1183 1183 1183 1183 1183
751 751 751 751 751 751 751 751 751 751 751 751 751 751 751 751 751
6607 6607
1483 1483 1483
1004 1004
2196 2196 2196 2196 2196 2196
513 513 513 513 513 513 513 513 513
8839 8839
1070 1070 1070 1070 1070 1070 1070 1070 1070
389 389 389 389 389 389 389 389 389 389 389 389 389 389 389 389 389
1862 1862 1862 1862 1862
3246 3246
4982 4982 4982 4982
117 117 117 117 117 117 117 117 117 117 117 117 117 117 117 117 117 117
1881 1881 1881 1881 1881 1881 1881 1881
9649 9649
2106 2106 2106 2106
145 145 145 145 145 145 145 145 145 145 145 145 145 145 145 145 145 145 145 145 145 145 145
5268 5268
348 348 348 348 348 348 348 348 348 348
343 343 343
4089 4089 4089 4089 4089 4089 4089
3363 3363 3363
2292 2292 2292 2292
5626 5626 5626
1020 1020
3796 3796 3796
5634 5634 5634 5634
8123 8123
585 585 585 585 585 585 585 585 585 585 585
4819 4819
157 157 157 157 157 157 157 157 157 157 157 157
1283 1283 1283 1283 1283 1283 1283 1283 1283 1283 1283 1283 1283 1283
95 95 95 95 95 95
1132 1132 1132 1132 1132 1132 1132 1132 1132 1132
8864 8864
5395 5395 5395
149 149 149 149 149 149
5601 5601
7357 7357
2698 2698 2698
75 75 75
4046 4046
2116 2116 2116
4094 4094
5627 5627
3870 3870 3870
613 613
370 370 370 370
3927 3927 3927
593 593
256 256 256 256
4507 4507 4507 4507
9372 9372
707 707 707
6582 6582
560 560
4139 4139
2298 2298 2298 2298
1674 1674 1674
1410 1410
4911 4911 4911 4911
4259 4259
1416 1416
3000 3000
4529 4529
2522 2522
3662 3662
239 239
580 580
3724 3724
8982 8982
8473 8473
314 314 314
1015 1015
7161 7161 7161
449 449 449
2007 2007
1619 1619 1619
4204 4204
9770 9770 9770
464 464
538 538 538 538 538 538 538
1382 1382 1382
9848 9848
4247 4247 4247 4247 4247 4247 4247
2153 2153 2153 2153 2153 2153 2153 2153 2153 2153 2153 2153
621 621 621 621 621 621 621 621 621 621 621 621 621 621 621 621 621 621
5526 5526 5526 5526 5526 5526 5526 5526 5526
1583 1583 1583 1583 1583 1583 1583 1583 1583 1583 1583 1583 1583 1583 1583 1583 1583
1917 1917 1917 1917 1917 1917 1917 1917 1917 1917 1917 1917 1917 1917
9543 9543 9543 9543 9543
612 612 612 612 612 612 612 612 612 612 612 612 612
5150 5150 5150 5150 5150 5150 5150 5150
2274 2274 2274 2274 2274 2274 2274 2274
2385 2385 2385 2385 2385 2385 2385 2385 2385 2385
869 869 869 869 869 869 869 869 869 869 869 869 869 869 869 869 869 869 869 869 869 869 869
6097 6097 6097 6097 6097
131 131 131 131 131 131 131 131 131 131 131 131 131 131 131 131 131 131 131 131 131 131 131 131 131
3975 3975 3975 3975 3975 3975 3975 3975 3975 3975 3975 3975 3975 3975
3110 3110 3110 3110 3110 3110 3110 3110 3110
5959 5959 5959 5959 5959
3767 3767 3767 3767 3767 3767
1656 1656 1656 1656 1656 1656 1656 1656 1656
1679 1679 1679 1679 1679 1679 1679
6577 6577 6577 6577 6577 6577 6577
4090 4090 4090 4090 4090
482 482 482 482 482 482 482 482 482 482 482 482 482 482 482 482 482 482 482 482 482 482 482 482
3158 3158 3158 3158 3158 3158 3158 3158
1850 1850 1850 1850
1572 1572 1572 1572 1572 1572 1572 1572 1572 1572
161 161 161 161 161 161 161 161 161 161 161 161
2478 2478 2478 2478 2478 2478
637 637 637 637 637 637 637 637
1387 1387 1387 1387 1387 1387 1387 1387 1387
9542 9542 9542 9542 9542
979 979 979 979 979 979
1152 1152 1152 1152 1152 1152
26 26 26 26 26 26 26 26 26 26 26 26 26 26 26
3194 3194 3194
342 342 342 342 342 342 342 342 342 342 342 342
561 561 561
2296 2296 2296 2296 2296 2296
1420 1420 1420 1420
1350 1350 1350 1350
1027 1027 1027 1027 1027
501 501 501 501 501 501 501 501 501
39 39 39
7687 7687 7687 7687
147 147 147 147 147 147 147 147
4704 4704 4704
299 299 299 299 299 299 299 299 299 299 299 299 299 299 299 299 299 299 299
382 382 382 382 382 382 382 382 382 382 382 382
1809 1809 1809 1809 1809 1809 1809
6502 6502 6502
4309 4309
240 240 240 240 240
901 901 901 901 901 901 901
5270 5270
3863 3863
273 273 273
2425 2425
3698 3698 3698
496 496 496 496 496 496 496 496 496
971 971 971 971 971 971
1000 1000 1000 1000
1065 1065 1065 1065 1065 1065 1065 1065 1065 1065
459 459
836 836 836 836 836
2114 2114 2114 2114
183 183 183 183 183 183 183
447 447 447
604 604 604 604 604 604
2552 2552
108 108
426 426 426 426 426 426 426 426 426 426 426 426 426 426 426
739 739 739 739 739 739
9382 9382
3038 3038 3038 3038
531 531 531
6959 6959
4115 4115
2639 2639 2639
1154 1154
499 499
90 90 90 90
455 455 455 455 455
3938 3938
1871 1871
1101 1101
2492 2492 2492 2492 2492 2492
3849 3849 3849 3849 3849 3849 3849 3849 3849
1263 1263 1263 1263 1263 1263 1263 1263 1263 1263 1263 1263 1263 1263 1263 1263 1263
566 566 566 566 566 566 566 566 566 566
915 915 915 915 915 915 915
6049 6049 6049 6049
439 439 439 439 439 439
1332 1332 1332 1332 1332 1332
204 204 204 204 204 204 204
4807 4807 4807 4807 4807 4807
4314 4314 4314
1697 1697 1697 1697
55 55 55 55 55 55 55 55 55 55 55 55 55 55 55 55 55 55 55 55
784 784 784 784 784
1031 1031 1031
432 432 432 432 432 432 432 432 432 432 432 432
210 210 210 210
1222 1222 1222 1222 1222
4849 4849 4849 4849
34 34 34 34 34 34
1095 1095 1095 1095 1095
231 231 231 231 231 231 231 231 231 231 231 231 231
4805 4805 4805
97 97 97 97 97 97 97 97 97 97
8733 8733 8733
3315 3315
86 86 86
47 47 47 47
8332 8332
9786 9786
1300 1300 1300 1300
6115 6115
3880 3880
50 50 50 50 50 50 50 50
1951 1951 1951 1951 1951 1951 1951 1951 1951 1951
331 331 331 331 331 331 331 331 331 331 331 331
429 429 429 429 429 429 429
7337 7337
3262 3262
235 235 235 235 235 235
6702 6702
144 144 144 144 144 144
1737 1737 1737 1737 1737 1737 1737 1737 1737 1737
1315 1315 1315 1315 1315 1315
4347 4347 4347 4347 4347 4347
356 356 356 356 356 356 356 356 356 356 356 356 356 356 356 356 356 356 356 356 356 356 356 356 356 356
5862 5862
4102 4102 4102
919 919 919 919 919 919 919 919 919 919
1604 1604 1604 1604 1604 1604 1604 1604
2713 2713 2713 2713 2713 2713
4371 4371 4371 4371 4371 4371
2073 2073
7984 7984 7984
1256 1256 1256 1256 1256 1256 1256 1256
5429 5429 5429 5429 5429 5429 5429
4023 4023 4023 4023 4023 4023 4023 4023 4023 4023
8703 8703 8703
3222 3222 3222 3222
2444 2444 2444
4864 4864 4864 4864
587 587 587 587 587 587
776 776 776 776 776
6787 6787 6787
8702 8702 8702
1343 1343
1575 1575 1575 1575
487 487 487 487 487 487 487
3412 3412 3412 3412
609 609 609 609 609 609 609 609 609 609 609 609 609
2430 2430 2430 2430
175 175 175 175 175
2126 2126 2126 2126
7557 7557 7557
594 594 594 594 594
178 178 178 178 178 178 178 178
5084 5084
3102 3102 3102 3102 3102 3102 3102
977 977 977 977 977 977 977 977
2162 2162 2162 2162
2088 2088 2088 2088 2088 2088 2088 2088
7307 7307 7307 7307
1601 1601 1601 1601
4130 4130 4130 4130
267 267 267 267 267 267 267
32 32 32 32 32 32 32 32 32 32 32 32 32 32 32 32
6744 6744 6744
365 365 365 365
9946 9946 9946
1465 1465 1465
105 105
2164 2164 2164
8955 8955 8955 8955
2190 2190 2190 2190
6001 6001 6001
1702 1702 1702 1702 1702 1702 1702
7117 7117 7117 7117 7117
6656 6656 6656 6656 6656 6656 6656 6656 6656 6656 6656 6656 6656 6656
3457 3457 3457 3457 3457 3457 3457 3457 3457 3457
7677 7677 7677 7677
494 494 494 494 494 494 494 494 494 494 494 494 494
1734 1734 1734 1734 1734 1734 1734 1734
999 999 999 999 999 999 999
2717 2717 2717 2717
1937 1937 1937 1937
7253 7253 7253
2047 2047 2047
3471 3471 3471
662 662 662 662 662 662 662 662 662 662
1606 1606 1606 1606
3332 3332 3332
7975 7975 7975
3493 3493 3493
8643 8643 8643
5472 5472 5472 5472
4018 4018 4018
137 137 137 137 137 137 137 137 137
684 684 684 684 684 684 684 684
8342 8342 8342
3631 3631 3631 3631
3205 3205 3205
1628 1628 1628 1628 1628
1530 1530 1530
271 271 271 271 271
1135 1135 1135
2593 2593 2593 2593
212 212 212 212 212
3323 3323 3323
1303 1303 1303 1303
1124 1124 1124 1124
949 949 949 949
1665 1665 1665 1665 1665
6037 6037 6037
171 171 171 171 171 171
3490 3490 3490 3490
2173 2173 2173
259 259 259
5512 5512
2417 2417 2417
735 735 735 735 735 735
5419 5419
398 398 398 398 398 398
1064 1064
831 831 831
461 461 461
727 727 727 727 727
1126 1126
2148 2148 2148 2148 2148
1671 1671 1671 1671 1671 1671 1671 1671 1671 1671 1671 1671 1671
579 579
81 81 81 81
4535 4535
4287 4287
423 423 423
233 233 233
378 378 378
1056 1056
4727 4727
4356 4356
816 816
6660 6660
3506 3506
2128 2128
821 821
225 225 225 225 225 225
917 917
1014 1014
201 201
3772 3772
476 476 476 476 476 476 476 476 476
2586 2586
1580 1580
460 460
974 974
1290 1290 1290 1290 1290 1290 1290 1290 1290 1290 1290 1290 1290
8080 8080
9886 9886 9886 9886 9886
3774 3774 3774 3774 3774 3774
3389 3389 3389 3389
9365 9365
4977 4977 4977 4977 4977 4977 4977 4977
119 119 119 119 119 119
87 87 87 87
3198 3198 3198 3198 3198 3198
2291 2291 2291 2291 2291 2291 2291 2291 2291 2291
7315 7315 7315
206 206 206 206 206 206 206 206 206
5101 5101
2521 2521 2521 2521
5860 5860 5860 5860
6086 6086
1052 1052 1052 1052 1052 1052 1052 1052
71 71 71
669 669
1352 1352 1352 1352 1352
9710 9710 9710 9710
8465 8465
526 526 526
7537 7537
4810 4810
1270 1270 1270 1270 1270 1270 1270 1270 1270 1270 1270
7585 7585 7585
1736 1736
7234 7234 7234 7234 7234
2591 2591 2591 2591 2591 2591 2591 2591 2591 2591
3684 3684 3684 3684 3684 3684 3684
4148 4148 4148 4148 4148 4148 4148
2889 2889 2889 2889 2889 2889 2889
6018 6018 6018 6018 6018
8761 8761 8761 8761
7086 7086 7086 7086 7086
5295 5295 5295 5295 5295 5295 5295
1155 1155 1155 1155 1155 1155 1155
2304 2304 2304 2304
8334 8334
849 849
549 549 549 549 549 549 549 549 549 549 549 549 549 549 549 549 549
8019 8019
1412 1412 1412 1412 1412
1151 1151 1151 1151
1522 1522 1522 1522 1522
1090 1090
7753 7753
2168 2168 2168
4131 4131
663 663 663 663 663 663
7600 7600
1385 1385 1385
6005 6005
3706 3706 3706 3706 3706 3706 3706
1599 1599
60 60 60 60 60 60 60 60 60 60 60
8438 8438
4403 4403
2972 2972
817 817
4978 4978 4978
647 647 647 647
1629 1629 1629 1629
815 815 815 815 815 815 815 815 815
414 414
5850 5850 5850 5850 5850
8528 8528 8528 8528
825 825 825 825
646 646 646
327 327
2654 2654 2654 2654
49 49
2244 2244 2244 2244
142 142 142 142
651 651
4370 4370
9517 9517 9517 9517 9517 9517 9517
9305 9305 9305 9305 9305 9305
927 927 927 927 927 927 927
6092 6092 6092 6092 6092 6092 6092
5091 5091 5091 5091 5091 5091
7672 7672 7672 7672 7672
444 444 444 444 444
2659 2659 2659 2659 2659 2659 2659 2659 2659 2659 2659
873 873 873 873 873 873 873 873 873
1591 1591 1591 1591 1591 1591 1591 1591 1591 1591 1591 1591 1591 1591 1591
1369 1369 1369 1369
7408 7408 7408 7408 7408 7408 7408 7408
4525 4525 4525 4525 4525 4525
3831 3831 3831 3831 3831 3831 3831 3831
2282 2282 2282 2282 2282 2282 2282 2282 2282
6051 6051 6051 6051 6051
9551 9551 9551 9551 9551
4568 4568 4568 4568 4568
2976 2976 2976 2976 2976 2976
1771 1771 1771 1771 1771
935 935 935 935
928 928 928 928 928 928
6769 6769 6769 6769 6769 6769
3613 3613 3613 3613 3613
9584 9584 9584 9584 9584 9584 9584
2060 2060 2060 2060 2060 2060 2060
5926 5926 5926
3477 3477 3477
2950 2950 2950 2950 2950
2533 2533 2533 2533
4171 4171 4171 4171 4171 4171 4171 4171
703 703 703 703
5463 5463 5463 5463
3890 3890 3890 3890
1692 1692 1692 1692
4372 4372 4372 4372
1506 1506 1506 1506 1506 1506 1506 1506 1506
2692 2692 2692 2692
1005 1005 1005 1005 1005 1005 1005
598 598 598
823 823 823
300 300 300 300 300 300
1041 1041
2922 2922 2922
983 983 983 983
5659 5659 5659 5659 5659 5659 5659
8860 8860 8860
2757 2757 2757
1611 1611 1611
687 687
503 503 503
1888 1888 1888 1888
6402 6402 6402 6402 6402 6402
5851 5851 5851 5851 5851 5851
4869 4869 4869 4869 4869 4869
4226 4226 4226 4226 4226 4226
3182 3182 3182 3182 3182 3182 3182
6163 6163 6163 6163
2402 2402 2402 2402 2402 2402
3591 3591 3591 3591 3591 3591
7959 7959 7959 7959 7959 7959
8466 8466 8466 8466
1153 1153 1153 1153 1153
5350 5350 5350 5350 5350 5350
2293 2293 2293 2293 2293 2293
5313 5313 5313 5313 5313 5313 5313
5936 5936 5936 5936 5936 5936
7869 7869 7869 7869 7869
5848 5848 5848
5286 5286 5286 5286
896 896 896 896
5582 5582 5582
2045 2045 2045 2045
1476 1476 1476 1476 1476 1476 1476 1476 1476 1476
899 899 899 899 899 899 899 899 899 899 899
1401 1401 1401 1401 1401 1401 1401 1401
789 789 789 789 789 789 789
3160 3160 3160 3160 3160
3211 3211 3211 3211
2577 2577 2577 2577 2577
3379 3379 3379 3379
4589 4589 4589 4589 4589 4589 4589
1593 1593 1593 1593
2721 2721 2721 2721 2721
1651 1651 1651 1651
6745 6745 6745
2258 2258 2258
1017 1017 1017 1017
1853 1853 1853
5069 5069 5069 5069 5069
1023 1023 1023 1023 1023
5555 5555 5555
5299 5299 5299
1549 1549 1549
1379 1379
2029 2029
2601 2601
6539 6539 6539 6539 6539
3424 3424 3424 3424
2378 2378
6228 6228 6228
4844 4844
5872 5872 5872
742 742 742 742 742 742
4947 4947
203 203 203
805 805 805 805
2082 2082
4096 4096
7085 7085
51 51 51 51 51 51
5804 5804
1933 1933
4959 4959
8938 8938 8938
4514 4514 4514
3502 3502 3502
1447 1447 1447 1447
4597 4597 4597
841 841 841 841 841 841
2048 2048 2048
2967 2967 2967 2967 2967
1428 1428 1428 1428 1428
2735 2735
7774 7774
8365 8365
170 170 170
1979 1979
275 275
8241 8241 8241
1754 1754
1210 1210 1210
8875 8875
2427 2427
9360 9360 9360
9246 9246 9246
288 288 288
610 610
5484 5484
3943 3943
258 258 258
247 247
5667 5667
8427 8427
4797 4797
1596 1596
6450 6450
3149 3149
274 274 274
1274 1274 1274 1274
446 446
1334 1334 1334 1334 1334 1334 1334 1334 1334 1334 1334 1334 1334 1334
2371 2371 2371 2371 2371 2371 2371 2371 2371 2371 2371 2371 2371 2371 2371 2371
6986 6986 6986 6986 6986
6452 6452 6452 6452 6452
1468 1468 1468 1468 1468 1468 1468
3299 3299 3299 3299 3299 3299 3299
884 884 884
31 31 31 31 31 31 31 31 31
56 56 56 56 56 56 56 56 56 56 56 56 56
4301 4301 4301
4848 4848 4848 4848 4848 4848 4848
8450 8450 8450 8450 8450 8450
2744 2744 2744 2744 2744 2744 2744
1452 1452 1452 1452 1452 1452 1452 1452
9225 9225 9225 9225
1296 1296 1296 1296 1296 1296 1296 1296
4613 4613 4613 4613
8660 8660 8660 8660 8660 8660 8660
3054 3054 3054 3054
3923 3923 3923 3923 3923 3923 3923 3923
1959 1959 1959 1959
1704 1704 1704 1704 1704 1704 1704
195 195 195
393 393 393 393 393
933 933 933
7791 7791 7791 7791
1207 1207 1207 1207
1590 1590 1590 1590
3500 3500 3500 3500
2205 2205 2205 2205 2205
4551 4551 4551
611 611 611 611 611
2268 2268 2268 2268 2268
4841 4841 4841 4841
8094 8094 8094
4500 4500 4500 4500 4500 4500
5546 5546 5546 5546
1564 1564 1564 1564
3441 3441 3441 3441 3441 3441 3441 3441 3441 3441
7727 7727 7727
9039 9039 9039
7081 7081 7081 7081
5668 5668 5668
9593 9593 9593
5778 5778 5778
8243 8243 8243
2138 2138 2138
5516 5516 5516
277 277 277 277
2820 2820 2820
2668 2668 2668
1707 1707 1707
1571 1571 1571 1571 1571
829 829 829 829 829
6951 6951 6951
7777 7777
638 638 638 638 638
596 596 596 596 596 596 596
6831 6831
7173 7173
879 879 879 879 879
265 265
1112 1112 1112
9957 9957 9957 9957
1339 1339 1339 1339 1339
2240 2240 2240 2240
2852 2852
626 626
1528 1528 1528
3879 3879
3397 3397
7842 7842
3661 3661
1236 1236 1236 1236 1236 1236
3430 3430
4106 4106
2705 2705 2705 2705
709 709 709 709 709 709 709 709 709 709 709 709 709 709
2841 2841 2841 2841 2841
5448 5448 5448 5448 5448
3053 3053 3053 3053 3053 3053
3489 3489 3489
1725 1725 1725
4460 4460 4460
4040 4040 4040 4040 4040
6915 6915 6915
7013 7013 7013
6045 6045 6045 6045
2978 2978 2978
5136 5136 5136
207 207 207 207 207 207 207
1541 1541 1541 1541
1558 1558 1558 1558
2509 2509 2509
1884 1884 1884
5974 5974 5974 5974
2003 2003 2003 2003
112 112 112 112 112 112 112 112 112 112 112 112 112
2614 2614 2614 2614 2614 2614
2261 2261 2261 2261
7712 7712 7712 7712 7712
6126 6126 6126 6126 6126 6126 6126
3239 3239
6035 6035 6035 6035
5381 5381 5381 5381 5381 5381
46 46 46 46
1408 1408 1408 1408 1408 1408
3700 3700 3700 3700 3700
2871 2871 2871 2871
2198 2198 2198 2198 2198 2198 2198
7658 7658 7658 7658
4994 4994 4994 4994
2579 2579 2579 2579
1413 1413 1413 1413 1413 1413
3600 3600 3600 3600 3600
4336 4336 4336 4336 4336 4336 4336
2741 2741 2741 2741 2741 2741
1287 1287 1287 1287 1287 1287
1016 1016 1016 1016
1691 1691 1691 1691
572 572 572
7918 7918 7918
7325 7325 7325 7325
6138 6138
6238 6238
5333 5333
8139 8139
1429 1429 1429
6347 6347 6347 6347
5643 5643
125 125 125 125 125
1930 1930 1930 1930 1930
655 655 655 655 655 655 655 655 655 655 655 655 655
7373 7373 7373 7373
726 726
42 42 42
2187 2187
769 769
6335 6335
8138 8138
2136 2136 2136 2136
1011 1011
9335 9335
9740 9740
5165 5165
399 399 399 399
1655 1655
133 133
2583 2583
6357 6357
923 923
169 169
150 150
2188 2188
736 736
5382 5382
763 763
1156 1156
217 217
733 733 733
428 428
591 591
1059 1059
1098 1098
756 756 756 756 756
7291 7291 7291
2538 2538 2538
3215 3215 3215 3215
5773 5773 5773
1546 1546 1546
6467 6467 6467
2592 2592 2592
7433 7433 7433
9294 9294 9294
5882 5882 5882
6029 6029 6029
1478 1478 1478
4478 4478 4478 4478
1227 1227 1227
1218 1218 1218
2739 2739 2739
978 978 978
3624 3624 3624
266 266
9722 9722 9722
2908 2908 2908
5853 5853 5853
777 777
677 677 677
360 360 360
397 397 397 397 397
5838 5838 5838
1996 1996 1996
8591 8591 8591
952 952 952
228 228 228 228 228
334 334
3243 3243 3243
534 534 534
6604 6604 6604 6604 6604
9894 9894 9894 9894 9894
4895 4895 4895 4895 4895
196 196
3839 3839 3839 3839
495 495 495 495
4104 4104 4104 4104
391 391 391 391
2604 2604 2604
5845 5845 5845
3642 3642 3642 3642 3642
3768 3768 3768
6684 6684
614 614 614
245 245 245 245
351 351
8429 8429
1212 1212
1073 1073 1073 1073
702 702 702
9476 9476
9430 9430
9134 9134
1666 1666
9623 9623
3487 3487
384 384
1670 1670
2707 2707 2707 2707
2823 2823
1766 1766 1766 1766
375 375 375 375 375 375 375
890 890 890 890
4288 4288
3420 3420 3420
257 257 257
511 511 511
6222 6222
2132 2132 2132
6147 6147 6147
2431 2431 2431 2431
3293 3293 3293
7151 7151
7275 7275 7275
2791 2791 2791
392 392 392
3033 3033 3033
3769 3769 3769
519 519 519 519
3348 3348 3348
9572 9572 9572
3692 3692 3692
9017 9017 9017
129 129 129
6913 6913 6913
335 335 335 335
8901 8901 8901
8734 8734 8734 8734 8734
1510 1510 1510 1510
1894 1894 1894
3358 3358 3358
7862 7862 7862
5038 5038
2859 2859
1721 1721 1721 1721
8309 8309 8309
3395 3395 3395
180 180 180
7986 7986
1967 1967 1967 1967 1967
3032 3032 3032
1215 1215 1215
6655 6655
2218 2218
409 409 409 409 409
803 803
477 477
1190 1190
2094 2094
2063 2063 2063 2063 2063
2902 2902 2902 2902
3887 3887 3887
1327 1327 1327 1327
3635 3635 3635
6178 6178 6178
2709 2709 2709
1613 1613 1613 1613
2697 2697 2697
8015 8015
1836 1836
7742 7742
421 421
8834 8834
188 188 188
1472 1472
2824 2824
1638 1638 1638 1638
4917 4917
387 387
383 383
33 33 33
9138 9138 9138 9138 9138
2486 2486 2486 2486 2486
4364 4364 4364 4364 4364 4364 4364
5051 5051 5051 5051 5051
3676 3676 3676 3676 3676
4258 4258
310 310 310 310
3057 3057 3057
3756 3756 3756 3756 3756
5276 5276 5276 5276 5276 5276
8402 8402 8402 8402 8402 8402 8402 8402
9301 9301 9301
4820 4820 4820 4820 4820
8374 8374 8374
2857 2857 2857
3818 3818 3818
6515 6515 6515
40 40 40 40 40
6575 6575 6575
2983 2983 2983 2983
118 118 118 118 118
8116 8116
4350 4350
3284 3284
2142 2142
5336 5336
8802 8802
443 443 443 443 443
6644 6644
9888 9888
762 762 762
115 115 115 115
3525 3525
2768 2768
6031 6031 6031
172 172 172 172 172
6165 6165 6165 6165
6290 6290 6290
4342 4342 4342
4834 4834 4834
3520 3520
3141 3141
3407 3407
6767 6767 6767
782 782 782 782 782
3981 3981
3204 3204
4725 4725
2610 2610
7042 7042
1925 1925
2448 2448
3095 3095
616 616
2085 2085 2085
396 396 396 396
1768 1768 1768
1966 1966 1966
5878 5878
3195 3195
2981 2981
9485 9485
3878 3878
2847 2847
9421 9421
3853 3853
982 982
7995 7995
722 722
9977 9977
9665 9665
8271 8271
7837 7837 7837
2145 2145 2145
5055 5055 5055
5253 5253 5253
2649 2649
1562 1562
1547 1547
5355 5355
9047 9047
2958 2958
5708 5708
5451 5451 5451
1232 1232 1232
8713 8713
3862 3862
6672 6672
6536 6536
1167 1167
5859 5859
373 373
9211 9211
282 282
3260 3260
5585 5585
4266 4266
7859 7859
904 904
2701 2701
1968 1968
2918 2918
361 361
5725 5725 5725
1872 1872
9199 9199
226 226 226
1738 1738
3940 3940
9933 9933 9933 9933
8751 8751 8751 8751
4953 4953 4953
5754 5754 5754
1365 1365 1365 1365
4172 4172 4172
3639 3639 3639
9896 9896 9896
7437 7437 7437
2849 2849 2849 2849 2849 2849
1783 1783 1783 1783 1783
4510 4510
3248 3248 3248 3248
3172 3172 3172 3172
7347 7347 7347 7347
9519 9519 9519 9519
3807 3807 3807
5973 5973 5973 5973 5973
7559 7559 7559
2683 2683 2683 2683 2683
4656 4656 4656 4656
728 728 728 728
6616 6616
4618 4618
2212 2212
2134 2134
1877 1877
7546 7546
4859 4859
2684 2684
5801 5801
1442 1442
8672 8672
448 448
2359 2359 2359 2359 2359 2359
2759 2759
6337 6337 6337 6337
8454 8454 8454 8454 8454 8454
6057 6057 6057 6057
3708 3708 3708 3708
5209 5209 5209 5209
3166 3166 3166 3166
3826 3826 3826 3826
5124 5124 5124 5124
619 619 619 619
990 990 990
4320 4320 4320 4320
1325 1325
101 101 101
641 641
92 92
1294 1294 1294
1209 1209
7064 7064
341 341 341
5971 5971
385 385
2887 2887
578 578
4167 4167
4142 4142
151 151 151
130 130
6630 6630
4417 4417
8355 8355 8355 8355
666 666
6756 6756
4133 4133
1627 1627
3516 3516
8076 8076 8076
1228 1228
7279 7279
3773 3773
745 745
2249 2249
8430 8430
1534 1534
881 881 881 881
5312 5312
550 550
434 434
4667 4667
7460 7460
4493 4493
4596 4596
264 264 264
2943 2943
1194 1194
7499 7499
1840 1840
2810 2810
3006 3006
2451 2451
388 388
9915 9915
4452 4452
1600 1600
3014 3014
5566 5566
2858 2858
680 680 680
2044 2044
1690 1690
8114 8114
1581 1581 1581
305 305
1284 1284
1890 1890
1221 1221
9127 9127
4532 4532
8480 8480
2091 2091
2563 2563
3970 3970
1033 1033
5210 5210
843 843
8739 8739
500 500
2627 2627
2899 2899 2899
4497 4497 4497 4497 4497
1223 1223 1223
4829 4829
2158 2158 2158 2158
1745 1745 1745 1745
4329 4329
3977 3977
1189 1189 1189
6160 6160
6481 6481 6481
1110 1110
3008 3008 3008
4880 4880 4880
2322 2322
5779 5779 5779
1019 1019 1019 1019 1019
8947 8947 8947
3423 3423 3423
8543 8543 8543
8381 8381
1808 1808
1104 1104 1104
1779 1779 1779
4605 4605 4605
7707 7707
3100 3100 3100
8461 8461
4479 4479
3022 3022
2020 2020
997 997
287 287
1869 1869 1869 1869
4672 4672 4672
4801 4801 4801
5905 5905
408 408 408 408
1491 1491
799 799
4387 4387
600 600
7726 7726
586 586
1116 1116
5747 5747
7296 7296
3030 3030
1024 1024
7770 7770
2501 2501
2599 2599
8423 8423
295 295
6507 6507
4799 4799
6735 6735
4726 4726
2869 2869
9794 9794
2171 2171
1277 1277
4923 4923
227 227
2480 2480
1055 1055
6352 6352
523 523 523
2201 2201
5443 5443
4277 4277
2175 2175
1805 1805
1186 1186
1012 1012
1088 1088
6514 6514
1096 1096
1950 1950
162 162 162
3999 3999
2275 2275
6376 6376
2442 2442
4025 4025
5175 5175
6180 6180
1469 1469
2886 2886
2152 2152
1417 1417
786 786
261 261
5034 5034
4611 4611
2512 2512
2585 2585
2327 2327
852 852
8909 8909
623 623
7202 7202
3099 3099
430 430
4723 4723
7881 7881
4766 4766
986 986
2241 2241
5280 5280
8944 8944
4033 4033
4051 4051
758 758
1499 1499
528 528 528
7284 7284
2653 2653
7674 7674
634 634
1989 1989
2845 2845
9927 9927 9927 9927
1584 1584 1584 1584
6369 6369 6369 6369
4813 4813 4813 4813
4335 4335 4335 4335
2905 2905 2905 2905
9351 9351
8152 8152
2809 2809
3540 3540
824 824
1330 1330
3532 3532
2844 2844
2419 2419
3025 3025
1093 1093
2067 2067 2067 2067 2067
1436 1436
5205 5205
363 363
2104 2104
222 222
289 289
1621 1621
1298 1298
9803 9803
2288 2288 2288
418 418
5893 5893
6783 6783
5760 5760
216 216
4533 4533
7414 7414
189 189 189
6249 6249
3596 3596
4501 4501
3282 3282
1097 1097
1340 1340
4768 4768
2383 2383
7104 7104
7776 7776 7776 7776
8801 8801 8801
6166 6166 6166
2572 2572 2572 2572
7977 7977 7977
8948 8948 8948
98 98 98
5329 5329 5329 5329
4221 4221 4221
2360 2360 2360
903 903 903
9906 9906 9906
1456 1456
255 255 255
304 304 304
2840 2840 2840
7924 7924 7924
1812 1812
4103 4103
9652 9652
2923 2923
1168 1168 1168
8835 8835
7003 7003
1661 1661
1313 1313
3121 3121
7635 7635
515 515
6593 6593
2985 2985
7392 7392
5633 5633
294 294 294
2816 2816
483 483
7320 7320
6773 6773
2771 2771
2424 2424
1226 1226
905 905
4439 4439
1484 1484
2789 2789
3422 3422
1039 1039
263 263
1992 1992
1962 1962
588 588
8912 8912
1138 1138
699 699
2339 2339
8728 8728
2651 2651
8360 8360
5751 5751
3266 3266
6169 6169
4436 4436
4035 4035
2100 2100
7827 7827
6662 6662
911 911
2725 2725
945 945
2207 2207
505 505
401 401
3130 3130
7328 7328
5542 5542
3612 3612
2343 2343
3901 3901
3247 3247
1193 1193
3372 3372
1044 1044
1051 1051
9531 9531
1972 1972
3497 3497 3497
4225 4225
6373 6373
2930 2930 2930
7048 7048 7048
660 660
7492 7492
1349 1349
1678 1678
2348 2348
160 160
3689 3689
1336 1336
1843 1843
5390 5390
454 454
4607 4607
6378 6378
4343 4343
5367 5367
1440 1440 1440
1632 1632
7292 7292
5515 5515
5247 5247
4703 4703
2140 2140
7269 7269
3747 3747
9356 9356
3961 3961
5311 5311
3543 3543
436 436
6628 6628
3996 3996 3996
2308 2308
2061 2061
7597 7597
2226 2226
9903 9903
6649 6649
4334 4334
5519 5519
6422 6422
2270 2270
3369 3369
406 406
173 173
1403 1403
7071 7071
1883 1883
700 700
369 369
2758 2758
1780 1780
159 159 159
2334 2334
377 377
717 717
882 882
1847 1847
3069 3069
4048 4048
5561 5561
6134 6134
2428 2428
186 186
3652 3652
5046 5046
4738 4738
1368 1368
5469 5469
3045 3045
2556 2556
279 279
4227 4227
122 122
143 143
1841 1841
1054 1054
2191 2191
76 76
308 308
618 618
177 177
1127 1127
320 320
2933 2933
453 453
1202 1202
6491 6491
712 712 712
1374 1374
354 354
7105 7105
324 324
4431 4431
66 66
2648 2648
1455 1455
6760 6760
473 473
208 208
1624 1624
349 349
3545 3545
844 844
214 214
291 291
832 832
573 573
1260 1260
1505 1505
7311 7311
846 846
276 276
3220 3220
1291 1291
9354 9354
127 127
1681 1681
4688 4688
4067 4067
7069 7069
4662 4662
3718 3718
9521 9521
967 967
4919 4919
9562 9562
2180 2180
2147 2147
1351 1351
4984 4984
3317 3317
969 969
2979 2979
1508 1508
3003 3003
7709 7709
9713 9713
4164 4164
