100
0 0 1 2 3 4 5 6 7 8 9 10 12 17 19 20
1 0 1 2 3 4 5 6 7 8 9 10 11 12 15 17
2 0 1 2 3 4 5 6 7 8 9 10 11 12 13 14 17 19 23 24
3 0 1 2 3 4 5 6 7 8 9 11 12 20
4 0 1 2 3 4 5 6 7 9 10 13 15 17 29
5 0 1 2 3 4 5 6 7 8 9 10 12 14 15 17
6 0 1 2 3 4 5 6 7 8 9 10 11 12 13 14 16 17 19 24 29
7 0 1 2 3 4 5 6 7 8 9 10 11 12 14 16 17
8 0 1 2 3 4 5 6 7 8 9 10 11 17
9 0 1 2 3 4 5 6 7 8 9 10 11 13 20
10 0 1 2 3 4 5 6 7 8 11 12 13 14 15 17
11 0 1 2 3 4 5 6 7 8 10 11 12 13 15 17
12 0 1 2 3 4 5 6 7 8 9 10 11 12 13 14 19 24 26
13 0 1 2 3 4 5 6 7 8 11
14 0 1 2 3 4 5 6 7 8 10 11 13
15 0 1 2 3 4 5 6 7 8 9 10 11 12 13 15 23
16 0 1 2 3 4 5 6 7 8 11 12 14
17 0 1 2 3 4 5 6 7 8 9 10 13 17
18 0 1 2 3 4 5 6 7 8 9 10 17 26
19 0 1 2 3 4 5 6 7 8 9 10 11 12 13 15 17 23
20 0 1 2 3 4 5 6 7 8 9 11 14 19
21 0 1 2 3 4 5 6 7 8 9 10 11 12 13 15
22 0 1 2 3 4 5 6 7 8 9 10 11 12 13 14 15 16 17 20
23 0 1 2 3 4 5 6 7 8 10 11 14 17
24 0 1 2 3 4 5 6 7 8 9 10 11 12 13 15 19 24
25 0 1 2 3 4 5 6 7 8 9
26 0 1 2 3 4 5 6 7 8 9 10 11 12 15 17
27 0 1 2 3 4 5 6 7 8 9 10 11 12 14 15 17
28 0 1 2 3 4 5 6 7 8 9 10 12 14 19 20 23
29 0 1 2 3 4 5 6 7 8 9 10 11 13 17
30 0 1 2 3 4 5 6 7 8 9 12 13 14 19 20
31 0 1 2 3 4 5 6 7 8 9 10 11 12 13 14 16 20 23
32 0 1 2 3 4 5 6 7 8 9 10 11 12 13 14 17 23
33 0 1 2 3 4 5 6 7 8 9 10 11 13 14 16
34 0 1 2 3 4 5 6 7 8 9 10 11 14 19
35 0 1 2 3 4 5 6 7 8 12
36 0 1 2 3 4 5 6 7 8 9 11 13 16
37 0 1 2 3 4 5 6 7 8 9 10 11 15 17 19
38 0 1 2 3 4 5 6 7 8 9
39 0 1 2 3 4 5 6 7 8 9 10 12 26
40 0 1 2 3 4 5 6 7 8 9 10 13 15 17 19 29
41 0 1 2 3 4 5 6 7 8 9 10 11 14 19
42 0 1 2 3 4 5 6 7 8 9 10 11 14 19 20
43 0 1 2 3 4 5 6 7 8 9 10 11 12 15 17
44 0 1 2 3 4 5 6 7 8 9 10 11 12 13
45 0 1 2 3 4 5 6 7 8 9 10 11 12 13 14 15 17 20 23 29
46 0 1 2 3 4 5 6 7 8 9 10 11 13 15 19 20
47 0 1 2 3 4 5 6 7 8 9 10 11 13 15 17 29
48 0 1 2 3 4 5 6 7 8 9 10 12 13 15 18
49 0 1 2 3 4 5 6 7 8 9 11 12 15
50 0 1 2 3 4 5 6 7 8 9 10 11 12 15 19
51 0 1 2 3 4 5 6 7 11
52 0 1 2 3 4 5 6 7 9 10 13 17 29
53 0 1 2 3 4 5 6 7 8 9 10 11 12 15 17
54 0 1 2 3 4 5 6 7 8 9 10 13 19 20
55 0 1 2 3 4 5 6 7 8 9 10 11 13 14 15 23 30
56 0 1 2 3 4 5 6 7 8 9 10 11 12 13 14 17 19 24
57 0 1 2 3 4 5 6 7 8 9 10 11 13 15 19 20
58 0 1 2 3 4 5 6 7 8 9 10 11 12 13
59 0 1 2 3 4 5 6 7 10 11
60 0 1 2 3 4 5 6 7 8 9 10 11 12 20
61 0 1 2 3 4 5 6 7 8 9 10 11 17 19 20
62 0 1 2 3 4 5 6 7 8 9 11 12 14
63 0 1 2 3 4 5 6 7 8 9 11
64 0 1 2 3 4 5 6 7 8 9 10 11 12 13 15
65 0 1 2 3 4 5 6 7 8 9 10 11 12 13 15 19 20 23
66 0 1 2 3 4 5 6 7 8 9 10 11 13 16 18
67 0 1 2 3 4 5 6 7 8 9 10 11 13 15 16 17 18
68 0 1 2 3 4 5 6 7 8 9 10 11 12 13 14 15 17 20 29
69 0 1 2 3 4 5 6 7 8
70 0 1 2 3 4 5 6 7 8 9 10 11 12 14 17 20
71 0 1 2 3 4 5 6 7 8 9 11 13 15 16
72 0 1 2 3 4 5 6 7 8 9 10 11 12 13 15 17
73 0 1 2 3 4 5 6 7 8 9 10 11 12 13 15 17
74 0 1 2 3 4 5 6 7 8 9 10 12 13 14
75 0 1 2 3 4 5 6 7 8 10 11 12 13 14 15 23
76 0 1 2 3 4 5 6 7 9 10 11 12 13 16
77 0 1 2 3 4 5 6 7 9 11 12 20
78 0 1 2 3 4 5 6 7 8 9 10 11 12 13 17 19 23 24 29
79 0 1 2 3 4 5 6 7 8 10 11 12 13
80 0 1 2 3 4 5 6 7 8 9 10 11 12 13 15
81 0 1 2 3 4 5 6 7 8 9 10 11 13 14 23
82 0 1 2 3 4 5 6 7 8 9 12 14 17
83 0 1 2 3 4 5 6 7 8 9 10 11 12 15
84 0 1 2 3 4 5 6 7 8 9 10 11 12 13 15 16 19 20
85 0 1 2 3 4 5 6 7 8 9 10 13 17 20
86 0 1 2 3 4 5 6 7 8 9 10 11 13 14 15 17 29
87 0 1 2 3 4 5 6 7 8 9 13
88 0 1 2 3 4 5 6 7 8 9 10 12 14 17
89 0 1 2 3 4 5 6 7 8 9 10 11 12 17
90 0 1 2 3 4 5 6 7 8 9 10 11 12 14 17 19
91 0 1 2 3 4 5 6 7 8 11 14 15 17
92 0 1 2 3 4 5 6 7 8 9 11 17
93 0 1 2 3 4 5 6 7 8 11 17
94 0 1 2 3 4 5 6 7 8 9 10 11 12 13 14 23
95 0 1 2 3 4 5 6 7 8 9 10 11 15
96 0 1 2 3 4 5 6 7 8 9 10 11 12 13 15 17 29
97 0 1 2 3 4 5 6 7 8 9 13 17
98 0 1 2 3 4 5 6 7 8 9 10 11 15
99 0 1 2 3 4 5 6 7 8 9 10 12 14 15
